         0   0.952546          1
     0.125   0.983832   0.992198
      0.25   0.997893   0.968912
     0.375   0.994286   0.930508
       0.5   0.973066   0.877583
     0.625   0.934782   0.810963
      0.75   0.880423   0.731689
     0.875   0.811326   0.640997
         1   0.729065   0.540302
     1.125   0.635331   0.431177
      1.25   0.531841   0.315322
     1.375   0.420267   0.194548
       1.5   0.302224  0.0707372
     1.625   0.179287 -0.0541771
      1.75  0.0530467  -0.178246
     1.875 -0.0748254  -0.299534
         2  -0.202512  -0.416147
     2.125  -0.328016  -0.526266
      2.25  -0.449155  -0.628174
     2.375  -0.563616  -0.720278
       2.5  -0.669041  -0.801144
     2.625  -0.763153  -0.869507
      2.75  -0.843883  -0.924302
     2.875  -0.909506  -0.964674
         3  -0.958732  -0.989992
     3.125  -0.990762  -0.999862
      3.25   -1.00529   -0.99413
     3.375   -1.00246  -0.972884
       3.5  -0.982791  -0.936457
     3.625  -0.947043  -0.885416
      3.75  -0.896151  -0.820559
     3.875  -0.831126  -0.742898
         4  -0.753014  -0.653644
     4.125  -0.662887   -0.55419
      4.25  -0.561882  -0.446087
     4.375  -0.451261  -0.331024
       4.5   -0.33248  -0.210796
     4.625  -0.207257 -0.0872778
      4.75 -0.0775954  0.0376022
     4.875  0.0542196   0.161895
         5   0.185682   0.283662
     5.125   0.314161   0.401003
      5.25   0.437033   0.512085
     5.375   0.551817   0.615177
       5.5   0.656305    0.70867
     5.625   0.748653   0.791104
      5.75   0.827439   0.861192
     5.875   0.891658   0.917843
         6   0.940685    0.96017
     6.125   0.974191   0.987515
      6.25   0.992058   0.999449
     6.375   0.994291   0.995788
       6.5   0.980959   0.976588
     6.625   0.952178   0.942148
      6.75   0.908124   0.893006
     6.875   0.849099    0.82993
         7   0.775612   0.753902
     7.125   0.688462    0.66611
      7.25   0.588816   0.567924
     7.375   0.478242   0.460876
       7.5   0.358703   0.346635
     7.625     0.2325   0.226986
      7.75   0.102173   0.103794
     7.875 -0.0296311 -0.0210168
         8  -0.160296    -0.1455
     8.125  -0.287361  -0.267713
      8.25  -0.408613  -0.385748
     8.375  -0.522144  -0.497764
       8.5   -0.62635  -0.602012
     8.625  -0.719896  -0.696866
      8.75  -0.801648  -0.780846
     8.875  -0.870607  -0.852641
         9  -0.925837   -0.91113
     9.125   -0.96644  -0.955402
      9.25  -0.991555  -0.984765
     9.375   -1.00041  -0.998761
       9.5   -0.99241  -0.997172
     9.625  -0.967218  -0.980022
      9.75  -0.924874   -0.94758
     9.875   -0.86587  -0.900351
        10  -0.791184  -0.839072
    10.125  -0.702273  -0.764699
     10.25  -0.601018  -0.678394
    10.375  -0.489612  -0.581502
      10.5   -0.37044  -0.475537
    10.625  -0.245932  -0.362151
     10.75  -0.118454  -0.243113
    10.875 0.00978915  -0.120282
        11   0.136795  0.0044257
