0	1	1
0.011	0.998109	0.998109
0.022	0.996216	0.996216
0.033	0.994317	0.994317
0.044	0.992411	0.992411
0.055	0.990494	0.990494
0.066	0.988564	0.988564
0.077	0.986619	0.986619
0.088	0.984655	0.984655
0.099	0.98267	0.98267
0.11	0.980662	0.980662
0.121	0.978627	0.978627
0.132	0.976564	0.976564
0.143	0.97447	0.97447
0.154	0.972341	0.972341
0.165	0.970176	0.970176
0.176	0.967972	0.967972
0.187	0.965726	0.965726
0.198	0.963436	0.963436
0.209	0.961098	0.961098
0.22	0.958711	0.958711
0.231	0.956272	0.956272
0.242	0.953778	0.953778
0.253	0.951226	0.951226
0.264	0.948614	0.948614
0.275	0.94594	0.94594
0.286	0.9432	0.9432
0.297	0.940393	0.940393
0.308	0.937515	0.937515
0.319	0.934563	0.934563
0.33	0.931536	0.931536
0.341	0.928431	0.928431
0.352	0.925245	0.925245
0.363	0.921975	0.921975
0.374	0.918619	0.918619
0.385	0.915174	0.915174
0.396	0.911637	0.911637
0.407	0.908007	0.908007
0.418	0.90428	0.90428
0.429	0.900454	0.900454
0.44	0.896525	0.896525
0.451	0.892493	0.892493
0.462	0.888353	0.888353
0.473	0.884104	0.884104
0.484	0.879742	0.879742
0.495	0.875265	0.875265
0.506	0.870671	0.870671
0.517	0.865956	0.865956
0.528	0.861119	0.861119
0.539	0.856157	0.856157
0.55	0.851066	0.851066
0.561	0.845845	0.845845
0.572	0.840491	0.840491
0.583	0.835	0.835
0.594	0.829374	0.829374
0.605	0.823612	0.823612
0.616	0.817717	0.817717
0.627	0.811691	0.811691
0.638	0.805535	0.805535
0.649	0.799252	0.799252
0.66	0.792843	0.792843
0.671	0.78631	0.78631
0.682	0.779654	0.779654
0.693	0.772879	0.772879
0.704	0.765985	0.765985
0.715	0.758974	0.758974
0.726	0.751849	0.751849
0.737	0.744611	0.744611
0.748	0.737261	0.737261
0.759	0.729802	0.729802
0.77	0.722236	0.722236
0.781	0.714564	0.714564
0.792	0.706788	0.706788
0.803	0.69891	0.69891
0.814	0.690933	0.690933
0.825	0.682856	0.682856
0.836	0.674684	0.674684
0.847	0.666417	0.666417
0.858	0.658056	0.658056
0.869	0.649605	0.649605
0.88	0.641065	0.641065
0.891	0.632438	0.632438
0.902	0.623725	0.623725
0.913	0.614928	0.614928
0.924	0.60605	0.60605
0.935	0.597091	0.597091
0.946	0.588055	0.588055
0.957	0.578942	0.578942
0.968	0.569755	0.569755
0.979	0.560495	0.560495
0.99	0.551164	0.551164
1.001	0.541764	0.541764
1.012	0.532297	0.532297
1.023	0.522765	0.522765
1.034	0.51317	0.51317
1.045	0.503512	0.503512
1.056	0.493795	0.493795
1.067	0.48402	0.48402
1.078	0.474189	0.474189
1.089	0.464304	0.464304
1.1	0.454366	0.454366
1.111	0.444377	0.444377
1.122	0.43434	0.43434
1.133	0.424255	0.424255
1.144	0.414126	0.414126
1.155	0.403953	0.403953
1.166	0.393738	0.393738
1.177	0.383484	0.383484
1.188	0.37319	0.37319
1.199	0.362859	0.362859
1.21	0.352491	0.352491
1.221	0.342087	0.342087
1.232	0.331648	0.331648
1.243	0.321176	0.321176
1.254	0.310672	0.310672
1.265	0.300137	0.300137
1.276	0.289571	0.289571
1.287	0.278977	0.278977
1.298	0.268355	0.268355
1.309	0.257706	0.257706
1.32	0.247032	0.247032
1.331	0.236333	0.236333
1.342	0.225611	0.225611
1.353	0.214866	0.214866
1.364	0.204101	0.204101
1.375	0.193316	0.193316
1.386	0.182512	0.182512
1.397	0.17169	0.17169
1.408	0.160852	0.160852
1.419	0.149998	0.149998
1.43	0.13913	0.13913
1.441	0.128249	0.128249
1.452	0.117355	0.117355
1.463	0.106451	0.106451
1.474	0.0955372	0.0955372
1.485	0.0846145	0.0846145
1.496	0.0736842	0.0736842
1.507	0.0627474	0.0627474
1.518	0.0518054	0.0518054
1.529	0.0408591	0.0408591
1.54	0.0299098	0.0299098
1.551	0.0189586	0.0189586
1.562	0.00800649	0.00800649
1.573	-0.00294529	-0.00294529
1.584	-0.0138956	-0.0138956
1.595	-0.0248434	-0.0248434
1.606	-0.0357876	-0.0357876
1.617	-0.0467269	-0.0467269
1.628	-0.0576603	-0.0576603
1.639	-0.0685866	-0.0685866
1.65	-0.0795048	-0.0795048
1.661	-0.0904137	-0.0904137
1.672	-0.101312	-0.101312
1.683	-0.112199	-0.112199
1.694	-0.123073	-0.123073
1.705	-0.133934	-0.133934
1.716	-0.144779	-0.144779
1.727	-0.155609	-0.155609
1.738	-0.166421	-0.166421
1.749	-0.177215	-0.177215
1.76	-0.18799	-0.18799
1.771	-0.198743	-0.198743
1.782	-0.209475	-0.209475
1.793	-0.220183	-0.220183
1.804	-0.230866	-0.230866
1.815	-0.241524	-0.241524
1.826	-0.252154	-0.252154
1.837	-0.262756	-0.262756
1.848	-0.273328	-0.273328
1.859	-0.283869	-0.283869
1.87	-0.294378	-0.294378
1.881	-0.304853	-0.304853
1.892	-0.315294	-0.315294
1.903	-0.325698	-0.325698
1.914	-0.336065	-0.336065
1.925	-0.346394	-0.346394
1.936	-0.356683	-0.356683
1.947	-0.36693	-0.36693
1.958	-0.377135	-0.377135
1.969	-0.387296	-0.387296
1.98	-0.397413	-0.397413
1.991	-0.407483	-0.407483
2.002	-0.417505	-0.417505
2.013	-0.427479	-0.427479
2.024	-0.437403	-0.437403
2.035	-0.447275	-0.447275
2.046	-0.457095	-0.457095
2.057	-0.466861	-0.466861
2.068	-0.476572	-0.476572
2.079	-0.486227	-0.486227
2.09	-0.495824	-0.495824
2.101	-0.505362	-0.505362
2.112	-0.514839	-0.514839
2.123	-0.524256	-0.524256
2.134	-0.533609	-0.533609
2.145	-0.542899	-0.542899
2.156	-0.552123	-0.552123
2.167	-0.561281	-0.561281
2.178	-0.57037	-0.57037
2.189	-0.579391	-0.579391
2.2	-0.588342	-0.588342
2.211	-0.59722	-0.59722
2.222	-0.606026	-0.606026
2.233	-0.614758	-0.614758
2.244	-0.623414	-0.623414
2.255	-0.631994	-0.631994
2.266	-0.640496	-0.640496
2.277	-0.648918	-0.648918
2.288	-0.65726	-0.65726
2.299	-0.66552	-0.66552
2.31	-0.673697	-0.673697
2.321	-0.68179	-0.68179
2.332	-0.689797	-0.689797
2.343	-0.697718	-0.697718
2.354	-0.705553	-0.705553
2.365	-0.713301	-0.713301
2.376	-0.72096	-0.72096
2.387	-0.728531	-0.728531
2.398	-0.736012	-0.736012
2.409	-0.743404	-0.743404
2.42	-0.750704	-0.750704
2.431	-0.757913	-0.757913
2.442	-0.765031	-0.765031
2.453	-0.772055	-0.772055
2.464	-0.778986	-0.778986
2.475	-0.785823	-0.785823
2.486	-0.792566	-0.792566
2.497	-0.799212	-0.799212
2.508	-0.805763	-0.805763
2.519	-0.812217	-0.812217
2.53	-0.818574	-0.818574
2.541	-0.824832	-0.824832
2.552	-0.830992	-0.830992
2.563	-0.837052	-0.837052
2.574	-0.843012	-0.843012
2.585	-0.848871	-0.848871
2.596	-0.854629	-0.854629
2.607	-0.860284	-0.860284
2.618	-0.865837	-0.865837
2.629	-0.871286	-0.871286
2.64	-0.876631	-0.876631
2.651	-0.881871	-0.881871
2.662	-0.887006	-0.887006
2.673	-0.892034	-0.892034
2.684	-0.896956	-0.896956
2.695	-0.90177	-0.90177
2.706	-0.906476	-0.906476
2.717	-0.911072	-0.911072
2.728	-0.91556	-0.91556
2.739	-0.919937	-0.919937
2.75	-0.924203	-0.924203
2.761	-0.928357	-0.928357
2.772	-0.932399	-0.932399
2.783	-0.936329	-0.936329
2.794	-0.940144	-0.940144
2.805	-0.943845	-0.943845
2.816	-0.947432	-0.947432
2.827	-0.950903	-0.950903
2.838	-0.954257	-0.954257
2.849	-0.957494	-0.957494
2.86	-0.960614	-0.960614
2.871	-0.963615	-0.963615
2.882	-0.966498	-0.966498
2.893	-0.96926	-0.96926
2.904	-0.971903	-0.971903
2.915	-0.974425	-0.974425
2.926	-0.976826	-0.976826
2.937	-0.979107	-0.979107
2.948	-0.981268	-0.981268
2.959	-0.983309	-0.983309
2.97	-0.98523	-0.98523
2.981	-0.98703	-0.98703
2.992	-0.988711	-0.988711
3.003	-0.990271	-0.990271
3.014	-0.991711	-0.991711
3.025	-0.993032	-0.993032
3.036	-0.994233	-0.994233
3.047	-0.995314	-0.995314
3.058	-0.996275	-0.996275
3.069	-0.997117	-0.997117
3.08	-0.997838	-0.997838
3.091	-0.998441	-0.998441
3.102	-0.998924	-0.998924
3.113	-0.999287	-0.999287
3.124	-0.999531	-0.999531
3.135	-0.999655	-0.999655
3.146	-0.999661	-0.999661
3.157	-0.999547	-0.999547
3.168	-0.999314	-0.999314
3.179	-0.998961	-0.998961
3.19	-0.99849	-0.99849
3.201	-0.997899	-0.997899
3.212	-0.99719	-0.99719
3.223	-0.996361	-0.996361
3.234	-0.995414	-0.995414
3.245	-0.994348	-0.994348
3.256	-0.993163	-0.993163
3.267	-0.99186	-0.99186
3.278	-0.990437	-0.990437
3.289	-0.988897	-0.988897
3.3	-0.987237	-0.987237
3.311	-0.985459	-0.985459
3.322	-0.983563	-0.983563
3.333	-0.981548	-0.981548
3.344	-0.979415	-0.979415
3.355	-0.977163	-0.977163
3.366	-0.974794	-0.974794
3.377	-0.972306	-0.972306
3.388	-0.9697	-0.9697
3.399	-0.966976	-0.966976
3.41	-0.964134	-0.964134
3.421	-0.961174	-0.961174
3.432	-0.958096	-0.958096
3.443	-0.9549	-0.9549
3.454	-0.951586	-0.951586
3.465	-0.948155	-0.948155
3.476	-0.944606	-0.944606
3.487	-0.940939	-0.940939
3.498	-0.937156	-0.937156
3.509	-0.933256	-0.933256
3.52	-0.929242	-0.929242
3.531	-0.925113	-0.925113
3.542	-0.920871	-0.920871
3.553	-0.916516	-0.916516
3.564	-0.912049	-0.912049
3.575	-0.907471	-0.907471
3.586	-0.902782	-0.902782
3.597	-0.897984	-0.897984
3.608	-0.893077	-0.893077
3.619	-0.888062	-0.888062
3.63	-0.882939	-0.882939
3.641	-0.87771	-0.87771
3.652	-0.872376	-0.872376
3.663	-0.866936	-0.866936
3.674	-0.861392	-0.861392
3.685	-0.855745	-0.855745
3.696	-0.849996	-0.849996
3.707	-0.844145	-0.844145
3.718	-0.838192	-0.838192
3.729	-0.83214	-0.83214
3.74	-0.825988	-0.825988
3.751	-0.819738	-0.819738
3.762	-0.813389	-0.813389
3.773	-0.806944	-0.806944
3.784	-0.800403	-0.800403
3.795	-0.793765	-0.793765
3.806	-0.787034	-0.787034
3.817	-0.780208	-0.780208
3.828	-0.773289	-0.773289
3.839	-0.766278	-0.766278
3.85	-0.759176	-0.759176
3.861	-0.751983	-0.751983
3.872	-0.744699	-0.744699
3.883	-0.737327	-0.737327
3.894	-0.729866	-0.729866
3.905	-0.722318	-0.722318
3.916	-0.714683	-0.714683
3.927	-0.706961	-0.706961
3.938	-0.699155	-0.699155
3.949	-0.691264	-0.691264
3.96	-0.683289	-0.683289
3.971	-0.675232	-0.675232
3.982	-0.667093	-0.667093
3.993	-0.658872	-0.658872
4.004	-0.65057	-0.65057
4.015	-0.642189	-0.642189
4.026	-0.633729	-0.633729
4.037	-0.625191	-0.625191
4.048	-0.616576	-0.616576
4.059	-0.607884	-0.607884
4.07	-0.599116	-0.599116
4.081	-0.590274	-0.590274
4.092	-0.581359	-0.581359
4.103	-0.572373	-0.572373
4.114	-0.563316	-0.563316
4.125	-0.554189	-0.554189
4.136	-0.544995	-0.544995
4.147	-0.535734	-0.535734
4.158	-0.526408	-0.526408
4.169	-0.517017	-0.517017
4.18	-0.507564	-0.507564
4.191	-0.498048	-0.498048
4.202	-0.488473	-0.488473
4.213	-0.478838	-0.478838
4.224	-0.469145	-0.469145
4.235	-0.459396	-0.459396
4.246	-0.449591	-0.449591
4.257	-0.439732	-0.439732
4.268	-0.42982	-0.42982
4.279	-0.419857	-0.419857
4.29	-0.409843	-0.409843
4.301	-0.39978	-0.39978
4.312	-0.389669	-0.389669
4.323	-0.379512	-0.379512
4.334	-0.369309	-0.369309
4.345	-0.359063	-0.359063
4.356	-0.348773	-0.348773
4.367	-0.338442	-0.338442
4.378	-0.328071	-0.328071
4.389	-0.31766	-0.31766
4.4	-0.307212	-0.307212
4.411	-0.296727	-0.296727
4.422	-0.286207	-0.286207
4.433	-0.275653	-0.275653
4.444	-0.265066	-0.265066
4.455	-0.254448	-0.254448
4.466	-0.2438	-0.2438
4.477	-0.233122	-0.233122
4.488	-0.222417	-0.222417
4.499	-0.211685	-0.211685
4.51	-0.200928	-0.200928
4.521	-0.190148	-0.190148
4.532	-0.179344	-0.179344
4.543	-0.168519	-0.168519
4.554	-0.157674	-0.157674
4.565	-0.14681	-0.14681
4.576	-0.135928	-0.135928
4.587	-0.12503	-0.12503
4.598	-0.114117	-0.114117
4.609	-0.10319	-0.10319
4.62	-0.0922499	-0.0922499
4.631	-0.0812988	-0.0812988
4.642	-0.0703375	-0.0703375
4.653	-0.0593675	-0.0593675
4.664	-0.04839	-0.04839
4.675	-0.0374063	-0.0374063
4.686	-0.0264178	-0.0264178
4.697	-0.0154258	-0.0154258
4.708	-0.00443161	-0.00443161
4.719	0.00656347	0.00656347
4.73	0.0175581	0.0175581
4.741	0.028551	0.028551
4.752	0.0395407	0.0395407
4.763	0.0505261	0.0505261
4.774	0.0615058	0.0615058
4.785	0.0724784	0.0724784
4.796	0.0834426	0.0834426
4.807	0.0943971	0.0943971
4.818	0.105341	0.105341
4.829	0.116272	0.116272
4.84	0.127189	0.127189
4.851	0.138092	0.138092
4.862	0.148978	0.148978
4.873	0.159847	0.159847
4.884	0.170697	0.170697
4.895	0.181526	0.181526
4.906	0.192334	0.192334
4.917	0.203119	0.203119
4.928	0.21388	0.21388
4.939	0.224615	0.224615
4.95	0.235324	0.235324
4.961	0.246004	0.246004
4.972	0.256655	0.256655
4.983	0.267275	0.267275
4.994	0.277862	0.277862
5.005	0.288417	0.288417
5.016	0.298936	0.298936
5.027	0.30942	0.30942
5.038	0.319866	0.319866
5.049	0.330273	0.330273
5.06	0.34064	0.34064
5.071	0.350966	0.350966
5.082	0.361249	0.361249
5.093	0.371489	0.371489
5.104	0.381682	0.381682
5.115	0.39183	0.39183
5.126	0.401929	0.401929
5.137	0.411979	0.411979
5.148	0.421978	0.421978
5.159	0.431925	0.431925
5.17	0.441819	0.441819
5.181	0.451659	0.451659
5.192	0.461442	0.461442
5.203	0.471169	0.471169
5.214	0.480837	0.480837
5.225	0.490445	0.490445
5.236	0.499992	0.499992
5.247	0.509478	0.509478
5.258	0.518901	0.518901
5.269	0.528261	0.528261
5.28	0.537556	0.537556
5.291	0.546785	0.546785
5.302	0.555949	0.555949
5.313	0.565044	0.565044
5.324	0.574072	0.574072
5.335	0.58303	0.58303
5.346	0.591918	0.591918
5.357	0.600735	0.600735
5.368	0.60948	0.60948
5.379	0.618152	0.618152
5.39	0.626749	0.626749
5.401	0.635272	0.635272
5.412	0.643719	0.643719
5.423	0.652088	0.652088
5.434	0.660381	0.660381
5.445	0.668594	0.668594
5.456	0.676727	0.676727
5.467	0.68478	0.68478
5.478	0.692751	0.692751
5.489	0.70064	0.70064
5.5	0.708445	0.708445
5.511	0.716165	0.716165
5.522	0.7238	0.7238
5.533	0.731349	0.731349
5.544	0.73881	0.73881
5.555	0.746183	0.746183
5.566	0.753467	0.753467
5.577	0.76066	0.76066
5.588	0.767763	0.767763
5.599	0.774773	0.774773
5.61	0.78169	0.78169
5.621	0.788513	0.788513
5.632	0.795241	0.795241
5.643	0.801873	0.801873
5.654	0.808409	0.808409
5.665	0.814846	0.814846
5.676	0.821185	0.821185
5.687	0.827424	0.827424
5.698	0.833562	0.833562
5.709	0.839599	0.839599
5.72	0.845533	0.845533
5.731	0.851363	0.851363
5.742	0.857089	0.857089
5.753	0.86271	0.86271
5.764	0.868224	0.868224
5.775	0.873631	0.873631
5.786	0.878929	0.878929
5.797	0.884119	0.884119
5.808	0.889198	0.889198
5.819	0.894168	0.894168
5.83	0.899027	0.899027
5.841	0.903776	0.903776
5.852	0.908413	0.908413
5.863	0.91294	0.91294
5.874	0.917356	0.917356
5.885	0.921659	0.921659
5.896	0.925851	0.925851
5.907	0.92993	0.92993
5.918	0.933897	0.933897
5.929	0.937752	0.937752
5.94	0.941493	0.941493
5.951	0.945121	0.945121
5.962	0.948635	0.948635
5.973	0.952036	0.952036
5.984	0.955322	0.955322
5.995	0.958494	0.958494
6.006	0.961551	0.961551
6.017	0.964494	0.964494
6.028	0.967321	0.967321
6.039	0.970033	0.970033
6.05	0.972629	0.972629
6.061	0.975108	0.975108
6.072	0.977472	0.977472
6.083	0.979719	0.979719
6.094	0.981849	0.981849
6.105	0.983862	0.983862
6.116	0.985757	0.985757
6.127	0.987535	0.987535
6.138	0.989195	0.989195
6.149	0.990737	0.990737
6.16	0.99216	0.99216
6.171	0.993464	0.993464
6.182	0.99465	0.99465
6.193	0.995716	0.995716
6.204	0.996662	0.996662
6.215	0.997489	0.997489
6.226	0.998195	0.998195
6.237	0.998781	0.998781
6.248	0.999246	0.999246
6.259	0.999591	0.999591
6.27	0.999814	0.999814
6.281	0.999915	0.999915
6.292	0.999895	0.999895
6.303	0.999753	0.999753
6.314	0.999488	0.999488
6.325	0.999101	0.999101
6.336	0.998591	0.998591
6.347	0.997957	0.997957
6.358	0.997201	0.997201
6.369	0.99632	0.99632
6.38	0.995316	0.995316
6.391	0.994188	0.994188
6.402	0.992938	0.992938
6.413	0.991564	0.991564
6.424	0.990069	0.990069
6.435	0.988453	0.988453
6.446	0.986715	0.986715
6.457	0.984857	0.984857
6.468	0.982879	0.982879
6.479	0.980782	0.980782
6.49	0.978565	0.978565
6.501	0.97623	0.97623
6.512	0.973777	0.973777
6.523	0.971207	0.971207
6.534	0.968519	0.968519
6.545	0.965715	0.965715
6.556	0.962795	0.962795
6.567	0.95976	0.95976
6.578	0.956609	0.956609
6.589	0.953344	0.953344
6.6	0.949964	0.949964
6.611	0.946471	0.946471
6.622	0.942866	0.942866
6.633	0.939147	0.939147
6.644	0.935316	0.935316
6.655	0.931374	0.931374
6.666	0.927321	0.927321
6.677	0.923157	0.923157
6.688	0.918883	0.918883
6.699	0.914499	0.914499
6.71	0.910007	0.910007
6.721	0.905405	0.905405
6.732	0.900696	0.900696
6.743	0.895879	0.895879
6.754	0.890954	0.890954
6.765	0.885923	0.885923
6.776	0.880786	0.880786
6.787	0.875544	0.875544
6.798	0.870196	0.870196
6.809	0.864743	0.864743
6.82	0.859186	0.859186
6.831	0.853526	0.853526
6.842	0.847762	0.847762
6.853	0.841896	0.841896
6.864	0.835927	0.835927
6.875	0.829857	0.829857
6.886	0.823686	0.823686
6.897	0.817413	0.817413
6.908	0.811041	0.811041
6.919	0.804569	0.804569
6.93	0.797997	0.797997
6.941	0.791327	0.791327
6.952	0.784559	0.784559
6.963	0.777693	0.777693
6.974	0.770731	0.770731
6.985	0.763673	0.763673
6.996	0.756521	0.756521
7.007	0.749276	0.749276
7.018	0.741939	0.741939
7.029	0.734512	0.734512
7.04	0.726994	0.726994
7.051	0.719388	0.719388
7.062	0.711694	0.711694
7.073	0.703913	0.703913
7.084	0.696048	0.696048
7.095	0.688097	0.688097
7.106	0.680064	0.680064
7.117	0.671949	0.671949
7.128	0.663752	0.663752
7.139	0.655476	0.655476
7.15	0.647121	0.647121
7.161	0.638688	0.638688
7.172	0.630179	0.630179
7.183	0.621594	0.621594
7.194	0.612935	0.612935
7.205	0.604202	0.604202
7.216	0.595397	0.595397
7.227	0.586522	0.586522
7.238	0.577576	0.577576
7.249	0.568561	0.568561
7.26	0.559479	0.559479
7.271	0.55033	0.55033
7.282	0.541115	0.541115
7.293	0.531836	0.531836
7.304	0.522493	0.522493
7.315	0.513088	0.513088
7.326	0.503622	0.503622
7.337	0.494096	0.494096
7.348	0.484511	0.484511
7.359	0.474867	0.474867
7.37	0.465168	0.465168
7.381	0.455412	0.455412
7.392	0.445602	0.445602
7.403	0.435738	0.435738
7.414	0.425822	0.425822
7.425	0.415855	0.415855
7.436	0.405838	0.405838
7.447	0.395771	0.395771
7.458	0.385657	0.385657
7.469	0.375496	0.375496
7.48	0.365288	0.365288
7.491	0.355037	0.355037
7.502	0.344741	0.344741
7.513	0.334403	0.334403
7.524	0.324024	0.324024
7.535	0.313605	0.313605
7.546	0.303146	0.303146
7.557	0.29265	0.29265
7.568	0.282118	0.282118
7.579	0.271551	0.271551
7.59	0.26095	0.26095
7.601	0.250317	0.250317
7.612	0.239653	0.239653
7.623	0.228959	0.228959
7.634	0.218237	0.218237
7.645	0.207489	0.207489
7.656	0.196715	0.196715
7.667	0.185917	0.185917
7.678	0.175096	0.175096
7.689	0.164253	0.164253
7.7	0.153391	0.153391
7.711	0.142509	0.142509
7.722	0.131611	0.131611
7.733	0.120696	0.120696
7.744	0.109767	0.109767
7.755	0.0988239	0.0988239
7.766	0.0878691	0.0878691
7.777	0.0769037	0.0769037
7.788	0.0659289	0.0659289
7.799	0.0549462	0.0549462
7.81	0.0439569	0.0439569
7.821	0.0329623	0.0329623
7.832	0.0219638	0.0219638
7.843	0.0109628	0.0109628
7.854	-3.95208e-05	-3.95208e-05
7.865	-0.0110417	-0.0110417
7.876	-0.0220423	-0.0220423
7.887	-0.0330402	-0.0330402
7.898	-0.0440338	-0.0440338
7.909	-0.055022	-0.055022
7.92	-0.0660032	-0.0660032
7.931	-0.0769763	-0.0769763
7.942	-0.0879397	-0.0879397
7.953	-0.0988923	-0.0988923
7.964	-0.109833	-0.109833
7.975	-0.120759	-0.120759
7.986	-0.131671	-0.131671
7.997	-0.142566	-0.142566
8.008	-0.153444	-0.153444
8.019	-0.164303	-0.164303
8.03	-0.175141	-0.175141
8.041	-0.185958	-0.185958
8.052	-0.196751	-0.196751
8.063	-0.207521	-0.207521
8.074	-0.218264	-0.218264
8.085	-0.22898	-0.22898
8.096	-0.239668	-0.239668
8.107	-0.250326	-0.250326
8.118	-0.260953	-0.260953
8.129	-0.271548	-0.271548
8.14	-0.282109	-0.282109
8.151	-0.292636	-0.292636
8.162	-0.303127	-0.303127
8.173	-0.313581	-0.313581
8.184	-0.323997	-0.323997
8.195	-0.334374	-0.334374
8.206	-0.34471	-0.34471
8.217	-0.355005	-0.355005
8.228	-0.365257	-0.365257
8.239	-0.375465	-0.375465
8.25	-0.385629	-0.385629
8.261	-0.395746	-0.395746
8.272	-0.405816	-0.405816
8.283	-0.415837	-0.415837
8.294	-0.425809	-0.425809
8.305	-0.43573	-0.43573
8.316	-0.445599	-0.445599
8.327	-0.455415	-0.455415
8.338	-0.465176	-0.465176
8.349	-0.474883	-0.474883
8.36	-0.484532	-0.484532
8.371	-0.494124	-0.494124
8.382	-0.503657	-0.503657
8.393	-0.51313	-0.51313
8.404	-0.522542	-0.522542
8.415	-0.531891	-0.531891
8.426	-0.541177	-0.541177
8.437	-0.550399	-0.550399
8.448	-0.559554	-0.559554
8.459	-0.568642	-0.568642
8.47	-0.577663	-0.577663
8.481	-0.586614	-0.586614
8.492	-0.595494	-0.595494
8.503	-0.604303	-0.604303
8.514	-0.613039	-0.613039
8.525	-0.621702	-0.621702
8.536	-0.630289	-0.630289
8.547	-0.6388	-0.6388
8.558	-0.647233	-0.647233
8.569	-0.655588	-0.655588
8.58	-0.663863	-0.663863
8.591	-0.672058	-0.672058
8.602	-0.68017	-0.68017
8.613	-0.688199	-0.688199
8.624	-0.696144	-0.696144
8.635	-0.704003	-0.704003
8.646	-0.711776	-0.711776
8.657	-0.719461	-0.719461
8.668	-0.727057	-0.727057
8.679	-0.734562	-0.734562
8.69	-0.741977	-0.741977
8.701	-0.749299	-0.749299
8.712	-0.756529	-0.756529
8.723	-0.763665	-0.763665
8.734	-0.770707	-0.770707
8.745	-0.777655	-0.777655
8.756	-0.784508	-0.784508
8.767	-0.791265	-0.791265
8.778	-0.797926	-0.797926
8.789	-0.80449	-0.80449
8.8	-0.810957	-0.810957
8.811	-0.817325	-0.817325
8.822	-0.823595	-0.823595
8.833	-0.829766	-0.829766
8.844	-0.835837	-0.835837
8.855	-0.841807	-0.841807
8.866	-0.847677	-0.847677
8.877	-0.853445	-0.853445
8.888	-0.859111	-0.859111
8.899	-0.864674	-0.864674
8.91	-0.870134	-0.870134
8.921	-0.87549	-0.87549
8.932	-0.880742	-0.880742
8.943	-0.885888	-0.885888
8.954	-0.890929	-0.890929
8.965	-0.895863	-0.895863
8.976	-0.900691	-0.900691
8.987	-0.905411	-0.905411
8.998	-0.910023	-0.910023
9.009	-0.914527	-0.914527
9.02	-0.918921	-0.918921
9.031	-0.923206	-0.923206
9.042	-0.92738	-0.92738
9.053	-0.931443	-0.931443
9.064	-0.935395	-0.935395
9.075	-0.939235	-0.939235
9.086	-0.942962	-0.942962
9.097	-0.946575	-0.946575
9.108	-0.950075	-0.950075
9.119	-0.95346	-0.95346
9.13	-0.95673	-0.95673
9.141	-0.959884	-0.959884
9.152	-0.962923	-0.962923
9.163	-0.965844	-0.965844
9.174	-0.968648	-0.968648
9.185	-0.971334	-0.971334
9.196	-0.973901	-0.973901
9.207	-0.976349	-0.976349
9.218	-0.978677	-0.978677
9.229	-0.980885	-0.980885
9.24	-0.982972	-0.982972
9.251	-0.984938	-0.984938
9.262	-0.986781	-0.986781
9.273	-0.988502	-0.988502
9.284	-0.9901	-0.9901
9.295	-0.991575	-0.991575
9.306	-0.992928	-0.992928
9.317	-0.99416	-0.99416
9.328	-0.995269	-0.995269
9.339	-0.996256	-0.996256
9.35	-0.997122	-0.997122
9.361	-0.997867	-0.997867
9.372	-0.99849	-0.99849
9.383	-0.998992	-0.998992
9.394	-0.999373	-0.999373
9.405	-0.999633	-0.999633
9.416	-0.999773	-0.999773
9.427	-0.999792	-0.999792
9.438	-0.999692	-0.999692
9.449	-0.999471	-0.999471
9.46	-0.99913	-0.99913
9.471	-0.998669	-0.998669
9.482	-0.998089	-0.998089
9.493	-0.99739	-0.99739
9.504	-0.996571	-0.996571
9.515	-0.995633	-0.995633
9.526	-0.994577	-0.994577
9.537	-0.993402	-0.993402
9.548	-0.992108	-0.992108
9.559	-0.990696	-0.990696
9.57	-0.989165	-0.989165
9.581	-0.987517	-0.987517
9.592	-0.985751	-0.985751
9.603	-0.983867	-0.983867
9.614	-0.981866	-0.981866
9.625	-0.979747	-0.979747
9.636	-0.977511	-0.977511
9.647	-0.975158	-0.975158
9.658	-0.972689	-0.972689
9.669	-0.970103	-0.970103
9.68	-0.9674	-0.9674
9.691	-0.964581	-0.964581
9.702	-0.961646	-0.961646
9.713	-0.958595	-0.958595
9.724	-0.955428	-0.955428
9.735	-0.952145	-0.952145
9.746	-0.948747	-0.948747
9.757	-0.945234	-0.945234
9.768	-0.941606	-0.941606
9.779	-0.937862	-0.937862
9.79	-0.934004	-0.934004
9.801	-0.930032	-0.930032
9.812	-0.925945	-0.925945
9.823	-0.921743	-0.921743
9.834	-0.917428	-0.917428
9.845	-0.912999	-0.912999
9.856	-0.908456	-0.908456
9.867	-0.903801	-0.903801
9.878	-0.899034	-0.899034
9.889	-0.894155	-0.894155
9.9	-0.889167	-0.889167
9.911	-0.88407	-0.88407
9.922	-0.878864	-0.878864
9.933	-0.873552	-0.873552
9.944	-0.868132	-0.868132
9.955	-0.862607	-0.862607
9.966	-0.856977	-0.856977
9.977	-0.851244	-0.851244
9.988	-0.845407	-0.845407
9.999	-0.839468	-0.839468
10.01	-0.833428	-0.833428
10.021	-0.827288	-0.827288
10.032	-0.821048	-0.821048
10.043	-0.81471	-0.81471
10.054	-0.808273	-0.808273
10.065	-0.801741	-0.801741
10.076	-0.795112	-0.795112
10.087	-0.788388	-0.788388
10.098	-0.78157	-0.78157
10.109	-0.774658	-0.774658
10.12	-0.767654	-0.767654
10.131	-0.760559	-0.760559
10.142	-0.753373	-0.753373
10.153	-0.746097	-0.746097
10.164	-0.738732	-0.738732
10.175	-0.731279	-0.731279
10.186	-0.723739	-0.723739
10.197	-0.716113	-0.716113
10.208	-0.708402	-0.708402
10.219	-0.700605	-0.700605
10.23	-0.692726	-0.692726
10.241	-0.684763	-0.684763
10.252	-0.676719	-0.676719
10.263	-0.668593	-0.668593
10.274	-0.660388	-0.660388
10.285	-0.652103	-0.652103
10.296	-0.64374	-0.64374
10.307	-0.6353	-0.6353
10.318	-0.626783	-0.626783
10.329	-0.61819	-0.61819
10.34	-0.609522	-0.609522
10.351	-0.600781	-0.600781
10.362	-0.591966	-0.591966
10.373	-0.583079	-0.583079
10.384	-0.574121	-0.574121
10.395	-0.565093	-0.565093
10.406	-0.555994	-0.555994
10.417	-0.546828	-0.546828
10.428	-0.537593	-0.537593
10.439	-0.528292	-0.528292
10.45	-0.518925	-0.518925
10.461	-0.509495	-0.509495
10.472	-0.500001	-0.500001
10.483	-0.490446	-0.490446
10.494	-0.480831	-0.480831
10.505	-0.471157	-0.471157
10.516	-0.461425	-0.461425
10.527	-0.451637	-0.451637
10.538	-0.441793	-0.441793
10.549	-0.431896	-0.431896
10.56	-0.421946	-0.421946
10.571	-0.411945	-0.411945
10.582	-0.401894	-0.401894
10.593	-0.391794	-0.391794
10.604	-0.381647	-0.381647
10.615	-0.371454	-0.371454
10.626	-0.361215	-0.361215
10.637	-0.350934	-0.350934
10.648	-0.340609	-0.340609
10.659	-0.330244	-0.330244
10.67	-0.31984	-0.31984
10.681	-0.309396	-0.309396
10.692	-0.298916	-0.298916
10.703	-0.288399	-0.288399
10.714	-0.277848	-0.277848
10.725	-0.267264	-0.267264
10.736	-0.256648	-0.256648
10.747	-0.246001	-0.246001
10.758	-0.235324	-0.235324
10.769	-0.224619	-0.224619
10.78	-0.213887	-0.213887
10.791	-0.20313	-0.20313
10.802	-0.192348	-0.192348
10.813	-0.181544	-0.181544
10.824	-0.170717	-0.170717
10.835	-0.15987	-0.15987
10.846	-0.149004	-0.149004
10.857	-0.138119	-0.138119
10.868	-0.127218	-0.127218
10.879	-0.116302	-0.116302
10.89	-0.105372	-0.105372
10.901	-0.0944286	-0.0944286
10.912	-0.0834738	-0.0834738
10.923	-0.0725088	-0.0725088
10.934	-0.0615348	-0.0615348
10.945	-0.0505532	-0.0505532
10.956	-0.0395651	-0.0395651
10.967	-0.0285719	-0.0285719
10.978	-0.0175748	-0.0175748
10.989	-0.0065752	-0.0065752
11	0.0044257	0.0044257
