0	1	1
0.011	0.998868	0.999939
0.022	0.99766	0.999758
0.033	0.996376	0.999455
0.044	0.995016	0.999032
0.055	0.993579	0.998487
0.066	0.992067	0.997822
0.077	0.990479	0.997036
0.088	0.988814	0.99613
0.099	0.987073	0.995103
0.11	0.985257	0.993955
0.121	0.983364	0.992688
0.132	0.981395	0.9913
0.143	0.97935	0.989792
0.154	0.977229	0.988165
0.165	0.975032	0.986418
0.176	0.972758	0.984551
0.187	0.970409	0.982566
0.198	0.967983	0.980461
0.209	0.965482	0.978238
0.22	0.962904	0.975897
0.231	0.96025	0.973437
0.242	0.957521	0.97086
0.253	0.954715	0.968165
0.264	0.951833	0.965353
0.275	0.948875	0.962425
0.286	0.94584	0.959379
0.297	0.94273	0.956218
0.308	0.939544	0.952941
0.319	0.936281	0.949549
0.33	0.932943	0.946042
0.341	0.929528	0.94242
0.352	0.926037	0.938685
0.363	0.922471	0.934835
0.374	0.918828	0.930873
0.385	0.915109	0.926798
0.396	0.911314	0.922611
0.407	0.907442	0.918312
0.418	0.903495	0.913902
0.429	0.899472	0.909382
0.44	0.895372	0.904751
0.451	0.891197	0.900012
0.462	0.886945	0.895163
0.473	0.882618	0.890205
0.484	0.878214	0.885141
0.495	0.873734	0.879969
0.506	0.869178	0.87469
0.517	0.864546	0.869306
0.528	0.859838	0.863816
0.539	0.855053	0.858222
0.55	0.850193	0.852524
0.561	0.845257	0.846723
0.572	0.840244	0.84082
0.583	0.835152	0.834815
0.594	0.829949	0.828709
0.605	0.824624	0.822502
0.616	0.819179	0.816196
0.627	0.813613	0.809791
0.638	0.807926	0.803289
0.649	0.802118	0.796689
0.66	0.796189	0.789992
0.671	0.790139	0.7832
0.682	0.783968	0.776314
0.693	0.777677	0.769333
0.704	0.771265	0.762259
0.715	0.764731	0.755093
0.726	0.758077	0.747836
0.737	0.751302	0.740488
0.748	0.744406	0.733051
0.759	0.737389	0.725525
0.77	0.730252	0.717911
0.781	0.722993	0.71021
0.792	0.715614	0.702423
0.803	0.708114	0.694552
0.814	0.700492	0.686596
0.825	0.69275	0.678557
0.836	0.684887	0.670436
0.847	0.676904	0.662234
0.858	0.668799	0.653952
0.869	0.660573	0.645591
0.88	0.652227	0.637151
0.891	0.64376	0.628635
0.902	0.635171	0.620042
0.913	0.626462	0.611375
0.924	0.617632	0.602633
0.935	0.608682	0.593818
0.946	0.59961	0.584932
0.957	0.590417	0.575975
0.968	0.581104	0.566948
0.979	0.571669	0.557853
0.99	0.562114	0.54869
1.001	0.552438	0.539461
1.012	0.542641	0.530166
1.023	0.532723	0.520807
1.034	0.522685	0.511386
1.045	0.512525	0.501902
1.056	0.502244	0.492358
1.067	0.491843	0.482754
1.078	0.481321	0.473091
1.089	0.470678	0.463372
1.1	0.459914	0.453596
1.111	0.449029	0.443766
1.122	0.438023	0.433881
1.133	0.426896	0.423945
1.144	0.415649	0.413957
1.155	0.404281	0.403919
1.166	0.392831	0.393832
1.177	0.381403	0.383697
1.188	0.370002	0.373516
1.199	0.358627	0.36329
1.21	0.347278	0.353019
1.221	0.335956	0.342706
1.232	0.32466	0.332352
1.243	0.313391	0.321957
1.254	0.302149	0.311524
1.265	0.290932	0.301053
1.276	0.279742	0.290545
1.287	0.268579	0.280002
1.298	0.257442	0.269425
1.309	0.246332	0.258816
1.32	0.235248	0.248175
1.331	0.22419	0.237505
1.342	0.213159	0.226805
1.353	0.202154	0.216079
1.364	0.191176	0.205326
1.375	0.180224	0.194548
1.386	0.169299	0.183746
1.397	0.1584	0.172923
1.408	0.147528	0.162078
1.419	0.136682	0.151214
1.43	0.125862	0.140332
1.441	0.115069	0.129432
1.452	0.104303	0.118517
1.463	0.0935624	0.107588
1.474	0.0828487	0.0966452
1.485	0.0721615	0.0856911
1.496	0.0615007	0.0747266
1.507	0.0508664	0.0637531
1.518	0.0402586	0.0527718
1.529	0.0296771	0.0417842
1.54	0.0191222	0.0307915
1.551	0.00859368	0.019795
1.562	-0.00190837	0.00879621
1.573	-0.012384	-0.00220368
1.584	-0.0228331	-0.0132033
1.595	-0.0332558	-0.0242013
1.606	-0.043652	-0.0351964
1.617	-0.0540218	-0.0461872
1.628	-0.0643651	-0.0571725
1.639	-0.074682	-0.0681508
1.65	-0.0849724	-0.0791209
1.661	-0.0952364	-0.0900814
1.672	-0.105474	-0.101031
1.683	-0.115685	-0.111968
1.694	-0.12587	-0.122892
1.705	-0.136028	-0.133801
1.716	-0.146159	-0.144694
1.727	-0.156265	-0.155569
1.738	-0.166344	-0.166426
1.749	-0.176404	-0.177262
1.76	-0.186453	-0.188077
1.771	-0.196489	-0.198869
1.782	-0.206512	-0.209637
1.793	-0.216523	-0.22038
1.804	-0.226522	-0.231096
1.815	-0.236508	-0.241784
1.826	-0.246482	-0.252442
1.837	-0.256443	-0.263071
1.848	-0.266392	-0.273667
1.859	-0.276328	-0.28423
1.87	-0.286252	-0.294759
1.881	-0.296164	-0.305253
1.892	-0.306063	-0.315709
1.903	-0.31595	-0.326127
1.914	-0.325824	-0.336506
1.925	-0.335686	-0.346844
1.936	-0.345535	-0.35714
1.947	-0.355372	-0.367392
1.958	-0.365196	-0.377601
1.969	-0.375008	-0.387763
1.98	-0.384808	-0.397879
1.991	-0.394595	-0.407946
2.002	-0.40437	-0.417965
2.013	-0.414132	-0.427932
2.024	-0.423882	-0.437848
2.035	-0.433619	-0.447711
2.046	-0.443344	-0.45752
2.057	-0.453057	-0.467273
2.068	-0.462757	-0.47697
2.079	-0.472444	-0.486609
2.09	-0.48212	-0.496189
2.101	-0.491782	-0.505709
2.112	-0.501433	-0.515168
2.123	-0.51107	-0.524565
2.134	-0.520696	-0.533898
2.145	-0.530309	-0.543166
2.156	-0.539909	-0.552369
2.167	-0.549497	-0.561505
2.178	-0.559073	-0.570573
2.189	-0.568636	-0.579572
2.2	-0.578187	-0.588501
2.211	-0.587725	-0.597359
2.222	-0.597251	-0.606144
2.233	-0.606765	-0.614856
2.244	-0.616266	-0.623494
2.255	-0.625754	-0.632056
2.266	-0.63523	-0.640542
2.277	-0.644694	-0.64895
2.288	-0.654145	-0.65728
2.299	-0.663584	-0.66553
2.31	-0.673011	-0.6737
2.321	-0.682409	-0.681788
2.332	-0.69168	-0.689793
2.343	-0.700803	-0.697716
2.354	-0.709779	-0.705553
2.365	-0.718608	-0.713306
2.376	-0.72729	-0.720972
2.387	-0.735825	-0.728551
2.398	-0.744213	-0.736041
2.409	-0.752454	-0.743443
2.42	-0.760547	-0.750755
2.431	-0.768494	-0.757975
2.442	-0.776293	-0.765105
2.453	-0.783946	-0.772141
2.464	-0.791451	-0.779084
2.475	-0.798809	-0.785933
2.486	-0.80602	-0.792687
2.497	-0.813084	-0.799345
2.508	-0.820001	-0.805906
2.519	-0.82677	-0.812369
2.53	-0.833393	-0.818735
2.541	-0.839869	-0.825001
2.552	-0.846197	-0.831167
2.563	-0.852378	-0.837233
2.574	-0.858413	-0.843198
2.585	-0.8643	-0.84906
2.596	-0.87004	-0.85482
2.607	-0.875633	-0.860476
2.618	-0.881079	-0.866028
2.629	-0.886378	-0.871476
2.64	-0.891529	-0.876818
2.651	-0.896534	-0.882054
2.662	-0.901391	-0.887183
2.673	-0.906102	-0.892205
2.684	-0.910665	-0.897119
2.695	-0.915081	-0.901924
2.706	-0.91935	-0.90662
2.717	-0.923472	-0.911207
2.728	-0.927447	-0.915683
2.739	-0.931275	-0.920048
2.75	-0.934956	-0.924302
2.761	-0.93849	-0.928445
2.772	-0.941876	-0.932475
2.783	-0.945116	-0.936392
2.794	-0.948208	-0.940195
2.805	-0.951153	-0.943886
2.816	-0.953951	-0.947461
2.827	-0.956602	-0.950923
2.838	-0.959106	-0.954269
2.849	-0.961463	-0.957499
2.86	-0.963673	-0.960614
2.871	-0.965736	-0.963613
2.882	-0.967651	-0.966495
2.893	-0.96942	-0.96926
2.904	-0.971065	-0.971907
2.915	-0.972627	-0.974438
2.926	-0.974109	-0.97685
2.937	-0.97551	-0.979144
2.948	-0.97683	-0.981319
2.959	-0.978068	-0.983376
2.97	-0.979226	-0.985314
2.981	-0.980302	-0.987133
2.992	-0.981297	-0.988832
3.003	-0.982211	-0.990411
3.014	-0.983044	-0.991871
3.025	-0.983797	-0.993211
3.036	-0.984467	-0.99443
3.047	-0.985057	-0.995529
3.058	-0.985566	-0.996508
3.069	-0.985994	-0.997366
3.08	-0.98634	-0.998104
3.091	-0.986606	-0.99872
3.102	-0.98679	-0.999216
3.113	-0.986894	-0.999591
3.124	-0.986916	-0.999845
3.135	-0.986857	-0.999978
3.146	-0.986717	-0.99999
3.157	-0.986496	-0.999881
3.168	-0.986194	-0.999651
3.179	-0.985811	-0.9993
3.19	-0.985347	-0.998829
3.201	-0.984801	-0.998236
3.212	-0.984175	-0.997522
3.223	-0.983467	-0.996688
3.234	-0.982679	-0.995733
3.245	-0.981809	-0.994658
3.256	-0.980858	-0.993463
3.267	-0.979826	-0.992147
3.278	-0.978713	-0.990711
3.289	-0.977519	-0.989155
3.3	-0.976244	-0.98748
3.311	-0.974888	-0.985685
3.322	-0.973451	-0.983771
3.333	-0.971932	-0.981737
3.344	-0.970333	-0.979585
3.355	-0.968652	-0.977315
3.366	-0.96689	-0.974926
3.377	-0.965048	-0.972419
3.388	-0.963124	-0.969795
3.399	-0.961119	-0.967053
3.41	-0.959033	-0.964194
3.421	-0.956866	-0.961219
3.432	-0.954618	-0.958127
3.443	-0.952288	-0.95492
3.454	-0.949878	-0.951596
3.465	-0.947387	-0.948158
3.476	-0.944813	-0.944605
3.487	-0.942116	-0.940938
3.498	-0.939279	-0.937156
3.509	-0.936299	-0.933262
3.52	-0.933179	-0.929254
3.531	-0.929917	-0.925134
3.542	-0.926514	-0.920902
3.553	-0.922969	-0.916559
3.564	-0.919283	-0.912105
3.575	-0.915456	-0.90754
3.586	-0.911487	-0.902866
3.597	-0.907377	-0.898082
3.608	-0.903125	-0.89319
3.619	-0.898732	-0.888189
3.63	-0.894198	-0.883081
3.641	-0.889522	-0.877867
3.652	-0.884705	-0.872546
3.663	-0.879747	-0.867119
3.674	-0.874647	-0.861588
3.685	-0.869406	-0.855952
3.696	-0.864023	-0.850213
3.707	-0.8585	-0.84437
3.718	-0.852834	-0.838426
3.729	-0.847028	-0.83238
3.74	-0.84108	-0.826234
3.751	-0.83499	-0.819987
3.762	-0.82876	-0.813642
3.773	-0.822387	-0.807198
3.784	-0.815874	-0.800656
3.795	-0.809219	-0.794017
3.806	-0.802423	-0.787282
3.817	-0.795485	-0.780452
3.828	-0.788406	-0.773528
3.839	-0.781186	-0.76651
3.85	-0.773824	-0.759399
3.861	-0.766321	-0.752196
3.872	-0.758677	-0.744903
3.883	-0.750891	-0.737519
3.894	-0.742964	-0.730046
3.905	-0.734895	-0.722484
3.916	-0.726685	-0.714836
3.927	-0.718334	-0.7071
3.938	-0.709841	-0.699279
3.949	-0.701207	-0.691374
3.96	-0.692432	-0.683385
3.971	-0.683515	-0.675313
3.982	-0.674457	-0.667159
3.993	-0.665257	-0.658925
4.004	-0.655916	-0.650611
4.015	-0.646434	-0.642218
4.026	-0.63681	-0.633748
4.037	-0.627045	-0.625201
4.048	-0.617139	-0.616578
4.059	-0.607114	-0.607881
4.07	-0.597074	-0.59911
4.081	-0.587032	-0.590267
4.092	-0.576986	-0.581352
4.103	-0.566938	-0.572367
4.114	-0.556887	-0.563312
4.125	-0.546833	-0.55419
4.136	-0.536776	-0.545
4.147	-0.526716	-0.535744
4.158	-0.516654	-0.526424
4.169	-0.506588	-0.51704
4.18	-0.49652	-0.507593
4.191	-0.486449	-0.498085
4.202	-0.476375	-0.488517
4.213	-0.466298	-0.478889
4.224	-0.456218	-0.469204
4.235	-0.446136	-0.459462
4.246	-0.43605	-0.449664
4.257	-0.425962	-0.439812
4.268	-0.415871	-0.429906
4.279	-0.405777	-0.419949
4.29	-0.39568	-0.409941
4.301	-0.38558	-0.399883
4.312	-0.375477	-0.389777
4.323	-0.365372	-0.379623
4.334	-0.355264	-0.369424
4.345	-0.345152	-0.35918
4.356	-0.335038	-0.348892
4.367	-0.324921	-0.338563
4.378	-0.314802	-0.328192
4.389	-0.304679	-0.317782
4.4	-0.294554	-0.307333
4.411	-0.284425	-0.296847
4.422	-0.274294	-0.286325
4.433	-0.26416	-0.275768
4.444	-0.254023	-0.265178
4.455	-0.243883	-0.254556
4.466	-0.233741	-0.243904
4.477	-0.223595	-0.233221
4.488	-0.213447	-0.222511
4.499	-0.203296	-0.211773
4.51	-0.193142	-0.20101
4.521	-0.182985	-0.190223
4.532	-0.172825	-0.179412
4.543	-0.162662	-0.16858
4.554	-0.152497	-0.157728
4.565	-0.142328	-0.146856
4.576	-0.132157	-0.135967
4.587	-0.121983	-0.125061
4.598	-0.111806	-0.11414
4.609	-0.101626	-0.103205
4.62	-0.0914438	-0.0922576
4.631	-0.0812583	-0.0812992
4.642	-0.071064	-0.0703309
4.653	-0.0608535	-0.0593541
4.664	-0.0506269	-0.0483701
4.675	-0.0403842	-0.0373803
4.686	-0.0301254	-0.0263859
4.697	-0.0198504	-0.0153884
4.708	-0.00955927	-0.00438897
4.719	0.00074799	0.00661097
4.73	0.0110714	0.0176101
4.741	0.0214109	0.0286071
4.752	0.0317666	0.0396007
4.763	0.0421384	0.0505894
4.774	0.0525263	0.061572
4.785	0.0629304	0.0725472
4.796	0.0733506	0.0835136
4.807	0.083787	0.0944699
4.818	0.0942395	0.105415
4.829	0.104708	0.116347
4.84	0.115193	0.127265
4.851	0.125694	0.138168
4.862	0.136211	0.149054
4.873	0.146744	0.159921
4.884	0.157293	0.17077
4.895	0.167859	0.181598
4.906	0.17844	0.192404
4.917	0.189038	0.203186
4.928	0.199652	0.213944
4.939	0.210282	0.224676
4.95	0.220928	0.235381
4.961	0.23159	0.246058
4.972	0.242269	0.256705
4.983	0.252963	0.26732
4.994	0.263674	0.277904
5.005	0.274401	0.288453
5.016	0.285144	0.298968
5.027	0.295903	0.309447
5.038	0.306678	0.319888
5.049	0.317469	0.33029
5.06	0.328277	0.340653
5.071	0.3391	0.350974
5.082	0.34994	0.361253
5.093	0.360796	0.371488
5.104	0.371668	0.381678
5.115	0.382556	0.391822
5.126	0.393461	0.401918
5.137	0.404381	0.411966
5.148	0.415318	0.421964
5.159	0.42627	0.431911
5.17	0.437239	0.441806
5.181	0.448224	0.451647
5.192	0.459225	0.461434
5.203	0.470243	0.471165
5.214	0.481269	0.480839
5.225	0.4922	0.490454
5.236	0.503003	0.500011
5.247	0.513678	0.509506
5.258	0.524223	0.51894
5.269	0.534641	0.528312
5.28	0.544929	0.537619
5.291	0.555089	0.546862
5.302	0.565121	0.556038
5.313	0.575024	0.565147
5.324	0.584798	0.574187
5.335	0.594444	0.583158
5.346	0.603961	0.592059
5.357	0.61335	0.600888
5.368	0.62261	0.609644
5.379	0.631742	0.618326
5.39	0.640745	0.626934
5.401	0.649619	0.635465
5.412	0.658365	0.64392
5.423	0.666982	0.652297
5.434	0.675471	0.660595
5.445	0.683831	0.668813
5.456	0.692062	0.67695
5.467	0.700165	0.685005
5.478	0.70814	0.692978
5.489	0.715986	0.700866
5.5	0.723703	0.70867
5.511	0.731292	0.716388
5.522	0.738752	0.724019
5.533	0.746084	0.731563
5.544	0.753287	0.739018
5.555	0.760361	0.746383
5.566	0.767307	0.753659
5.577	0.774124	0.760843
5.588	0.780813	0.767935
5.599	0.787373	0.774934
5.61	0.793805	0.78184
5.621	0.800108	0.788651
5.632	0.806282	0.795366
5.643	0.812328	0.801985
5.654	0.818246	0.808507
5.665	0.824034	0.814932
5.676	0.829694	0.821257
5.687	0.835226	0.827484
5.698	0.840629	0.83361
5.709	0.845904	0.839635
5.72	0.85105	0.845559
5.731	0.856067	0.85138
5.742	0.860956	0.857099
5.753	0.865716	0.862713
5.764	0.870348	0.868224
5.775	0.874851	0.873629
5.786	0.879225	0.878929
5.797	0.883483	0.884122
5.808	0.887659	0.889208
5.819	0.891757	0.894187
5.83	0.895776	0.899057
5.841	0.899717	0.903819
5.852	0.903579	0.908471
5.863	0.907362	0.913013
5.874	0.911067	0.917445
5.885	0.914693	0.921766
5.896	0.91824	0.925976
5.907	0.921709	0.930073
5.918	0.925099	0.934058
5.929	0.92841	0.937929
5.94	0.931643	0.941688
5.951	0.934797	0.945332
5.962	0.937873	0.948862
5.973	0.940869	0.952277
5.984	0.943788	0.955577
5.995	0.946627	0.958761
6.006	0.949388	0.961829
6.017	0.95207	0.964781
6.028	0.954674	0.967617
6.039	0.957199	0.970335
6.05	0.959645	0.972935
6.061	0.962013	0.975418
6.072	0.964302	0.977783
6.083	0.966512	0.98003
6.094	0.968644	0.982158
6.105	0.970697	0.984167
6.116	0.972671	0.986057
6.127	0.974567	0.987828
6.138	0.976384	0.989479
6.149	0.978123	0.991011
6.16	0.979782	0.992422
6.171	0.981364	0.993714
6.182	0.982866	0.994885
6.193	0.98429	0.995936
6.204	0.985635	0.996866
6.215	0.986902	0.997676
6.226	0.98809	0.998365
6.237	0.989199	0.998934
6.248	0.99023	0.999381
6.259	0.991182	0.999708
6.27	0.992055	0.999913
6.281	0.99285	0.999998
6.292	0.993566	0.999961
6.303	0.994203	0.999804
6.314	0.994762	0.999525
6.325	0.995242	0.999126
6.336	0.995644	0.998606
6.347	0.995967	0.997965
6.358	0.996211	0.997203
6.369	0.996376	0.99632
6.38	0.996421	0.995317
6.391	0.996309	0.994194
6.402	0.996042	0.99295
6.413	0.995618	0.991586
6.424	0.995039	0.990102
6.435	0.994305	0.988498
6.446	0.993414	0.986775
6.457	0.992368	0.984932
6.468	0.991165	0.98297
6.479	0.989807	0.980889
6.49	0.988293	0.97869
6.501	0.986624	0.976372
6.512	0.984798	0.973936
6.523	0.982817	0.971382
6.534	0.98068	0.968711
6.545	0.978387	0.965922
6.556	0.975938	0.963016
6.567	0.973333	0.959994
6.578	0.970573	0.956856
6.589	0.967657	0.953602
6.6	0.964585	0.950233
6.611	0.961357	0.946748
6.622	0.957973	0.943149
6.633	0.954434	0.939436
6.644	0.950738	0.93561
6.655	0.946887	0.93167
6.666	0.94288	0.927617
6.677	0.938717	0.923452
6.688	0.934399	0.919175
6.699	0.929924	0.914788
6.71	0.925294	0.910289
6.721	0.920508	0.90568
6.732	0.915566	0.900962
6.743	0.910469	0.896135
6.754	0.905215	0.891199
6.765	0.899806	0.886155
6.776	0.894241	0.881005
6.787	0.88852	0.875747
6.798	0.882643	0.870384
6.809	0.876611	0.864915
6.82	0.870422	0.859342
6.831	0.864078	0.853665
6.842	0.857578	0.847884
6.853	0.850923	0.842001
6.864	0.844111	0.836016
6.875	0.837143	0.82993
6.886	0.83002	0.823743
6.897	0.822741	0.817457
6.908	0.815306	0.811072
6.919	0.807716	0.804588
6.93	0.799969	0.798007
6.941	0.792067	0.79133
6.952	0.78402	0.784557
6.963	0.775922	0.777689
6.974	0.767795	0.770727
6.985	0.759639	0.763672
6.996	0.751453	0.756524
7.007	0.743237	0.749285
7.018	0.734992	0.741955
7.029	0.726718	0.734535
7.04	0.718414	0.727027
7.051	0.71008	0.71943
7.062	0.701718	0.711747
7.073	0.693325	0.703977
7.084	0.684903	0.696122
7.095	0.676452	0.688183
7.106	0.667971	0.680161
7.117	0.659461	0.672056
7.128	0.650921	0.66387
7.139	0.642352	0.655604
7.15	0.633753	0.647258
7.161	0.625125	0.638834
7.172	0.616468	0.630333
7.183	0.60778	0.621755
7.194	0.599064	0.613102
7.205	0.590318	0.604375
7.216	0.581542	0.595575
7.227	0.572737	0.586703
7.238	0.563903	0.57776
7.249	0.555039	0.568747
7.26	0.546145	0.559665
7.271	0.537222	0.550516
7.282	0.52827	0.541299
7.293	0.519288	0.532018
7.304	0.510277	0.522672
7.315	0.501236	0.513262
7.326	0.492165	0.503791
7.337	0.483066	0.494258
7.348	0.473936	0.484666
7.359	0.464778	0.475015
7.37	0.455589	0.465307
7.381	0.446372	0.455543
7.392	0.437124	0.445723
7.403	0.427848	0.435849
7.414	0.418542	0.425923
7.425	0.409206	0.415945
7.436	0.399841	0.405917
7.447	0.390446	0.395839
7.458	0.381022	0.385714
7.469	0.371569	0.375542
7.48	0.362086	0.365325
7.491	0.352573	0.355063
7.502	0.343031	0.344759
7.513	0.33346	0.334412
7.524	0.323859	0.324026
7.535	0.314223	0.3136
7.546	0.304542	0.303136
7.557	0.294814	0.292635
7.568	0.28504	0.282099
7.579	0.27522	0.271529
7.59	0.265353	0.260926
7.601	0.25544	0.250292
7.612	0.245481	0.239627
7.623	0.235476	0.228933
7.634	0.225425	0.218212
7.645	0.215327	0.207464
7.656	0.205183	0.196691
7.667	0.194992	0.185894
7.678	0.184756	0.175075
7.689	0.174473	0.164234
7.7	0.164144	0.153374
7.711	0.153769	0.142495
7.722	0.143347	0.131599
7.733	0.132879	0.120687
7.744	0.122365	0.10976
7.755	0.111805	0.0988201
7.766	0.101198	0.0878682
7.777	0.0905452	0.0769056
7.788	0.0798461	0.0659338
7.799	0.0691007	0.0549539
7.81	0.058309	0.0439675
7.821	0.0474712	0.0329757
7.832	0.036587	0.0219799
7.843	0.0256566	0.0109814
7.854	0.01468	-1.83642e-05
7.865	0.00365704	-0.0110181
7.876	-0.00741213	-0.0220166
7.887	-0.0185276	-0.0330124
7.898	-0.0296892	-0.0440042
7.909	-0.0408972	-0.0549906
7.92	-0.0521514	-0.0659704
7.931	-0.0634518	-0.0769422
7.942	-0.0747985	-0.0879048
7.953	-0.0861915	-0.0988566
7.964	-0.0976307	-0.109797
7.975	-0.109116	-0.120723
7.986	-0.120648	-0.131635
7.997	-0.132226	-0.142531
8.008	-0.14385	-0.15341
8.019	-0.155521	-0.16427
8.03	-0.167237	-0.175111
8.041	-0.179	-0.18593
8.052	-0.19081	-0.196727
8.063	-0.202665	-0.2075
8.074	-0.214567	-0.218248
8.085	-0.226515	-0.228969
8.096	-0.238509	-0.239663
8.107	-0.250548	-0.250327
8.118	-0.262535	-0.260962
8.129	-0.274418	-0.271565
8.14	-0.286196	-0.282135
8.151	-0.297869	-0.29267
8.162	-0.309437	-0.303171
8.173	-0.320901	-0.313635
8.184	-0.33226	-0.32406
8.195	-0.343514	-0.334447
8.206	-0.354663	-0.344793
8.217	-0.365708	-0.355098
8.228	-0.376647	-0.365359
8.239	-0.387482	-0.375576
8.25	-0.398213	-0.385748
8.261	-0.408838	-0.395873
8.272	-0.419359	-0.40595
8.283	-0.429775	-0.415978
8.294	-0.440086	-0.425956
8.305	-0.450292	-0.435882
8.316	-0.460394	-0.445756
8.327	-0.470391	-0.455575
8.338	-0.480283	-0.46534
8.349	-0.49007	-0.475048
8.36	-0.499753	-0.484698
8.371	-0.509331	-0.49429
8.382	-0.518804	-0.503823
8.393	-0.528172	-0.513294
8.404	-0.537436	-0.522703
8.415	-0.546594	-0.532049
8.426	-0.555648	-0.54133
8.437	-0.564598	-0.550546
8.448	-0.573442	-0.559696
8.459	-0.582182	-0.568777
8.47	-0.590817	-0.57779
8.481	-0.599347	-0.586733
8.492	-0.607772	-0.595605
8.503	-0.616093	-0.604405
8.514	-0.624309	-0.613131
8.525	-0.63242	-0.621784
8.536	-0.640426	-0.630361
8.547	-0.648328	-0.638862
8.558	-0.656125	-0.647286
8.569	-0.663817	-0.655631
8.58	-0.671404	-0.663897
8.591	-0.678887	-0.672083
8.602	-0.686264	-0.680187
8.613	-0.693537	-0.68821
8.624	-0.700705	-0.696148
8.635	-0.707769	-0.704003
8.646	-0.714728	-0.711772
8.657	-0.721582	-0.719456
8.668	-0.728331	-0.727052
8.679	-0.734975	-0.73456
8.69	-0.74152	-0.74198
8.701	-0.747991	-0.749309
8.712	-0.754394	-0.756548
8.723	-0.760728	-0.763696
8.734	-0.766993	-0.770751
8.745	-0.773189	-0.777712
8.756	-0.779316	-0.78458
8.767	-0.785374	-0.791353
8.778	-0.791363	-0.79803
8.789	-0.797283	-0.80461
8.8	-0.803135	-0.811093
8.811	-0.808917	-0.817478
8.822	-0.814631	-0.823764
8.833	-0.820275	-0.82995
8.844	-0.825851	-0.836036
8.855	-0.831358	-0.842021
8.866	-0.836796	-0.847904
8.877	-0.842165	-0.853684
8.888	-0.847465	-0.859361
8.899	-0.852696	-0.864934
8.91	-0.857858	-0.870402
8.921	-0.862952	-0.875765
8.932	-0.867976	-0.881022
8.943	-0.872931	-0.886173
8.954	-0.877818	-0.891216
8.965	-0.882636	-0.896151
8.976	-0.887384	-0.900978
8.987	-0.892064	-0.905696
8.998	-0.896675	-0.910304
9.009	-0.901217	-0.914802
9.02	-0.90569	-0.91919
9.031	-0.910094	-0.923466
9.042	-0.914429	-0.927631
9.053	-0.918696	-0.931683
9.064	-0.922893	-0.935622
9.075	-0.927021	-0.939449
9.086	-0.931081	-0.943162
9.097	-0.935072	-0.94676
9.108	-0.938993	-0.950244
9.119	-0.942846	-0.953613
9.13	-0.94663	-0.956867
9.141	-0.950345	-0.960005
9.152	-0.953991	-0.963026
9.163	-0.957568	-0.965931
9.174	-0.961076	-0.96872
9.185	-0.964515	-0.971391
9.196	-0.967886	-0.973944
9.207	-0.971187	-0.97638
9.218	-0.97442	-0.978698
9.229	-0.977583	-0.980897
9.24	-0.980678	-0.982977
9.251	-0.983704	-0.984939
9.262	-0.986661	-0.986781
9.273	-0.989511	-0.988504
9.284	-0.992198	-0.990107
9.295	-0.994722	-0.991591
9.306	-0.997083	-0.992954
9.317	-0.99928	-0.994198
9.328	-1.00131	-0.995321
9.339	-1.00318	-0.996323
9.35	-1.00489	-0.997205
9.361	-1.00644	-0.997967
9.372	-1.00782	-0.998608
9.383	-1.00903	-0.999127
9.394	-1.01009	-0.999526
9.405	-1.01098	-0.999804
9.416	-1.01171	-0.999961
9.427	-1.01227	-0.999998
9.438	-1.01267	-0.999913
9.449	-1.01291	-0.999707
9.46	-1.01298	-0.99938
9.471	-1.01289	-0.998932
9.482	-1.01264	-0.998363
9.493	-1.01222	-0.997674
9.504	-1.01165	-0.996864
9.515	-1.0109	-0.995933
9.526	-1.01	-0.994881
9.537	-1.00893	-0.99371
9.548	-1.00769	-0.992418
9.559	-1.0063	-0.991006
9.57	-1.00474	-0.989474
9.581	-1.00302	-0.987822
9.592	-1.00113	-0.986051
9.603	-0.999082	-0.98416
9.614	-0.996869	-0.982151
9.625	-0.994493	-0.980022
9.636	-0.991954	-0.977775
9.647	-0.989251	-0.97541
9.658	-0.986385	-0.972927
9.669	-0.983356	-0.970326
9.68	-0.980163	-0.967607
9.691	-0.976808	-0.964772
9.702	-0.973288	-0.961819
9.713	-0.969606	-0.958751
9.724	-0.96576	-0.955566
9.735	-0.961751	-0.952266
9.746	-0.957578	-0.94885
9.757	-0.953242	-0.94532
9.768	-0.948743	-0.941675
9.779	-0.94408	-0.937917
9.79	-0.939254	-0.934044
9.801	-0.934265	-0.930059
9.812	-0.929112	-0.925962
9.823	-0.923797	-0.921752
9.834	-0.918317	-0.917431
9.845	-0.912679	-0.912998
9.856	-0.906958	-0.908456
9.867	-0.901185	-0.903803
9.878	-0.895361	-0.899041
9.889	-0.889485	-0.89417
9.9	-0.883557	-0.889191
9.911	-0.877577	-0.884105
9.922	-0.871546	-0.878911
9.933	-0.865462	-0.873611
9.944	-0.859327	-0.868206
9.955	-0.85314	-0.862695
9.966	-0.846902	-0.85708
9.977	-0.840611	-0.851361
9.988	-0.834269	-0.845539
9.999	-0.827875	-0.839615
10.01	-0.821429	-0.83359
10.021	-0.814932	-0.827463
10.032	-0.808382	-0.821236
10.043	-0.801781	-0.81491
10.054	-0.795128	-0.808486
10.065	-0.788423	-0.801963
10.076	-0.781667	-0.795344
10.087	-0.774859	-0.788628
10.098	-0.767998	-0.781817
10.109	-0.761087	-0.774911
10.12	-0.754123	-0.767912
10.131	-0.747107	-0.760819
10.142	-0.74004	-0.753635
10.153	-0.732921	-0.746359
10.164	-0.72575	-0.738993
10.175	-0.718528	-0.731538
10.186	-0.711253	-0.723994
10.197	-0.703927	-0.716362
10.208	-0.696549	-0.708644
10.219	-0.689119	-0.70084
10.23	-0.681638	-0.692951
10.241	-0.674104	-0.684979
10.252	-0.666519	-0.676923
10.263	-0.658882	-0.668786
10.274	-0.651193	-0.660568
10.285	-0.643453	-0.652269
10.296	-0.635661	-0.643892
10.307	-0.627816	-0.635437
10.318	-0.619921	-0.626905
10.329	-0.611973	-0.618297
10.34	-0.603973	-0.609615
10.351	-0.595922	-0.600858
10.362	-0.587819	-0.592029
10.373	-0.579664	-0.583128
10.384	-0.571458	-0.574157
10.395	-0.563199	-0.565116
10.406	-0.554889	-0.556007
10.417	-0.546527	-0.546831
10.428	-0.538108	-0.537588
10.439	-0.529615	-0.528281
10.45	-0.521046	-0.518909
10.461	-0.512401	-0.509475
10.472	-0.50368	-0.499979
10.483	-0.494882	-0.490422
10.494	-0.486009	-0.480806
10.505	-0.477059	-0.471132
10.516	-0.468034	-0.461401
10.527	-0.458932	-0.451614
10.538	-0.449754	-0.441773
10.549	-0.4405	-0.431878
10.56	-0.43117	-0.421931
10.571	-0.421764	-0.411932
10.582	-0.412282	-0.401884
10.593	-0.402723	-0.391787
10.604	-0.393089	-0.381643
10.615	-0.383378	-0.371453
10.626	-0.373592	-0.361218
10.637	-0.363729	-0.350939
10.648	-0.35379	-0.340617
10.659	-0.343775	-0.330254
10.67	-0.333684	-0.319852
10.681	-0.323517	-0.30941
10.692	-0.313274	-0.298932
10.703	-0.302955	-0.288417
10.714	-0.29256	-0.277867
10.725	-0.282088	-0.267283
10.736	-0.271541	-0.256667
10.747	-0.260917	-0.24602
10.758	-0.250218	-0.235344
10.769	-0.239442	-0.224639
10.78	-0.22859	-0.213906
10.791	-0.217662	-0.203148
10.802	-0.206658	-0.192365
10.813	-0.195578	-0.181559
10.824	-0.184422	-0.170731
10.835	-0.17319	-0.159883
10.846	-0.161881	-0.149015
10.857	-0.150497	-0.138129
10.868	-0.139036	-0.127226
10.879	-0.127499	-0.116308
10.89	-0.115887	-0.105376
10.901	-0.104198	-0.0944312
10.912	-0.0924329	-0.083475
10.923	-0.0805919	-0.0725087
10.934	-0.0686748	-0.0615336
10.945	-0.0566816	-0.0505512
10.956	-0.0446123	-0.0395626
10.967	-0.032467	-0.0285693
10.978	-0.0202455	-0.0175726
10.989	-0.00794794	-0.00657383
11	0.0044257	0.0044257
