0	1
0.011	1.01163
0.022	1.02327
0.033	1.0349
0.044	1.04654
0.055	1.05817
0.066	1.06981
0.077	1.08144
0.088	1.09308
0.099	1.10471
0.11	1.11634
0.121	1.12921
0.132	1.14221
0.143	1.15521
0.154	1.16821
0.165	1.18121
0.176	1.19422
0.187	1.20722
0.198	1.22022
0.209	1.23322
0.22	1.24622
0.231	1.26044
0.242	1.27497
0.253	1.2895
0.264	1.30403
0.275	1.31856
0.286	1.33309
0.297	1.34762
0.308	1.36215
0.319	1.37668
0.33	1.39121
0.341	1.40693
0.352	1.42317
0.363	1.4394
0.374	1.45564
0.385	1.47188
0.396	1.48811
0.407	1.50435
0.418	1.52059
0.429	1.53683
0.44	1.55306
0.451	1.57044
0.462	1.58858
0.473	1.60673
0.484	1.62487
0.495	1.64302
0.506	1.66116
0.517	1.67931
0.528	1.69745
0.539	1.7156
0.55	1.73374
0.561	1.75295
0.572	1.77322
0.583	1.7935
0.594	1.81378
0.605	1.83406
0.616	1.85433
0.627	1.87461
0.638	1.89489
0.649	1.91517
0.66	1.93544
0.671	1.95666
0.682	1.97932
0.693	2.00198
0.704	2.02464
0.715	2.0473
0.726	2.06996
0.737	2.09263
0.748	2.11529
0.759	2.13795
0.77	2.16061
0.781	2.18405
0.792	2.20937
0.803	2.2347
0.814	2.26002
0.825	2.28534
0.836	2.31067
0.847	2.33599
0.858	2.36131
0.869	2.38664
0.88	2.41196
0.891	2.43786
0.902	2.46616
0.913	2.49446
0.924	2.52276
0.935	2.55106
0.946	2.57936
0.957	2.60766
0.968	2.63596
0.979	2.66425
0.99	2.69255
1.001	2.72116
1.012	2.75278
1.023	2.78441
1.034	2.81603
1.045	2.84766
1.056	2.87928
1.067	2.91091
1.078	2.94254
1.089	2.97416
1.1	3.00579
1.111	3.03741
1.122	3.07272
1.133	3.10806
1.144	3.1434
1.155	3.17874
1.166	3.21409
1.177	3.24943
1.188	3.28477
1.199	3.32011
1.21	3.35545
1.221	3.3908
1.232	3.42983
1.243	3.46933
1.254	3.50882
1.265	3.54832
1.276	3.58781
1.287	3.62731
1.298	3.6668
1.309	3.7063
1.32	3.74579
1.331	3.78529
1.342	3.82844
1.353	3.87258
1.364	3.91672
1.375	3.96085
1.386	4.00499
1.397	4.04913
1.408	4.09326
1.419	4.1374
1.43	4.18154
1.441	4.22568
1.452	4.27338
1.463	4.3227
1.474	4.37202
1.485	4.42135
1.496	4.47067
1.507	4.51999
1.518	4.56932
1.529	4.61864
1.54	4.66797
1.551	4.71729
1.562	4.77001
1.573	4.82513
1.584	4.88025
1.595	4.93537
1.606	4.99049
1.617	5.04561
1.628	5.10073
1.639	5.15585
1.65	5.21097
1.661	5.26609
1.672	5.32436
1.683	5.38595
1.694	5.44755
1.705	5.50915
1.716	5.57075
1.727	5.63235
1.738	5.69394
1.749	5.75554
1.76	5.81714
1.771	5.87874
1.782	5.94312
1.793	6.01195
1.804	6.08079
1.815	6.14963
1.826	6.21846
1.837	6.2873
1.848	6.35614
1.859	6.42498
1.87	6.49381
1.881	6.56265
1.892	6.63377
1.903	6.7107
1.914	6.78763
1.925	6.86456
1.936	6.94148
1.947	7.01841
1.958	7.09534
1.969	7.17226
1.98	7.24919
1.991	7.32612
2.002	7.40469
2.013	7.49065
2.024	7.57662
2.035	7.66259
2.046	7.74856
2.057	7.83452
2.068	7.92049
2.079	8.00646
2.09	8.09242
2.101	8.17839
2.112	8.26517
2.123	8.36124
2.134	8.45731
2.145	8.55338
2.156	8.64945
2.167	8.74552
2.178	8.84159
2.189	8.93766
2.2	9.03373
2.211	9.1298
2.222	9.22587
2.233	9.33301
2.244	9.44037
2.255	9.54773
2.266	9.65509
2.277	9.76245
2.288	9.86981
2.299	9.97717
2.31	10.0845
2.321	10.1919
2.332	10.2992
2.343	10.4177
2.354	10.5377
2.365	10.6576
2.376	10.7776
2.387	10.8976
2.398	11.0176
2.409	11.1376
2.42	11.2575
2.431	11.3775
2.442	11.4975
2.453	11.6284
2.464	11.7625
2.475	11.8966
2.486	12.0307
2.497	12.1647
2.508	12.2988
2.519	12.4329
2.53	12.567
2.541	12.701
2.552	12.8351
2.563	12.9799
2.574	13.1297
2.585	13.2795
2.596	13.4294
2.607	13.5792
2.618	13.729
2.629	13.8789
2.64	14.0287
2.651	14.1785
2.662	14.3284
2.673	14.4883
2.684	14.6558
2.695	14.8232
2.706	14.9906
2.717	15.1581
2.728	15.3255
2.739	15.493
2.75	15.6604
2.761	15.8279
2.772	15.9953
2.783	16.1721
2.794	16.3592
2.805	16.5463
2.816	16.7334
2.827	16.9205
2.838	17.1077
2.849	17.2948
2.86	17.4819
2.871	17.669
2.882	17.8561
2.893	18.0515
2.904	18.2606
2.915	18.4697
2.926	18.6788
2.937	18.8879
2.948	19.097
2.959	19.3061
2.97	19.5152
2.981	19.7243
2.992	19.9335
3.003	20.1493
3.014	20.383
3.025	20.6166
3.036	20.8503
3.047	21.084
3.058	21.3177
3.069	21.5514
3.08	21.785
3.091	22.0187
3.102	22.2524
3.113	22.4908
3.124	22.752
3.135	23.0131
3.146	23.2742
3.157	23.5354
3.168	23.7965
3.179	24.0577
3.19	24.3188
3.201	24.58
3.212	24.8411
3.223	25.1044
3.234	25.3963
3.245	25.6881
3.256	25.9799
3.267	26.2718
3.278	26.5636
3.289	26.8554
3.3	27.1473
3.311	27.4391
3.322	27.7309
3.333	28.0228
3.344	28.3479
3.355	28.674
3.366	29.0001
3.377	29.3263
3.388	29.6524
3.399	29.9785
3.41	30.3047
3.421	30.6308
3.432	30.9569
3.443	31.2831
3.454	31.6425
3.465	32.0069
3.476	32.3714
3.487	32.7358
3.498	33.1003
3.509	33.4648
3.52	33.8292
3.531	34.1937
3.542	34.5581
3.553	34.9226
3.564	35.3199
3.575	35.7272
3.586	36.1345
3.597	36.5418
3.608	36.9491
3.619	37.3564
3.63	37.7637
3.641	38.1709
3.652	38.5782
3.663	38.9855
3.674	39.4247
3.685	39.8799
3.696	40.335
3.707	40.7902
3.718	41.2453
3.729	41.7005
3.74	42.1556
3.751	42.6108
3.762	43.0659
3.773	43.5211
3.784	44.0065
3.795	44.5151
3.806	45.0238
3.817	45.5324
3.828	46.0411
3.839	46.5497
3.85	47.0583
3.861	47.567
3.872	48.0756
3.883	48.5843
3.894	49.1207
3.905	49.6891
3.916	50.2575
3.927	50.8259
3.938	51.3943
3.949	51.9628
3.96	52.5312
3.971	53.0996
3.982	53.668
3.993	54.2364
4.004	54.8291
4.015	55.4644
4.026	56.0996
4.037	56.7348
4.048	57.37
4.059	58.0052
4.07	58.6404
4.081	59.2757
4.092	59.9109
4.103	60.5461
4.114	61.2009
4.125	61.9108
4.136	62.6206
4.147	63.3305
4.158	64.0404
4.169	64.7502
4.18	65.4601
4.191	66.17
4.202	66.8798
4.213	67.5897
4.224	68.313
4.235	69.1063
4.246	69.8996
4.257	70.6929
4.268	71.4862
4.279	72.2795
4.29	73.0728
4.301	73.8661
4.312	74.6594
4.323	75.4526
4.334	76.2516
4.345	77.1381
4.356	78.0246
4.367	78.9111
4.378	79.7976
4.389	80.6842
4.4	81.5707
4.411	82.4572
4.422	83.3437
4.433	84.2302
4.444	85.1167
4.455	86.1032
4.466	87.0939
4.477	88.0846
4.488	89.0753
4.499	90.066
4.51	91.0567
4.521	92.0474
4.532	93.0381
4.543	94.0288
4.554	95.0195
4.565	96.1102
4.576	97.2173
4.587	98.3244
4.598	99.4315
4.609	100.539
4.62	101.646
4.631	102.753
4.642	103.86
4.653	104.967
4.664	106.074
4.675	107.28
4.686	108.517
4.697	109.754
4.708	110.992
4.719	112.229
4.73	113.466
4.741	114.703
4.752	115.941
4.763	117.178
4.774	118.415
4.785	119.748
4.796	121.13
4.807	122.513
4.818	123.896
4.829	125.278
4.84	126.661
4.851	128.044
4.862	129.426
4.873	130.809
4.884	132.191
4.895	133.664
4.906	135.209
4.917	136.755
4.928	138.3
4.939	139.845
4.95	141.39
4.961	142.935
4.972	144.48
4.983	146.025
4.994	147.57
5.005	149.198
5.016	150.925
5.027	152.651
5.038	154.378
5.049	156.105
5.06	157.832
5.071	159.558
5.082	161.285
5.093	163.012
5.104	164.738
5.115	166.537
5.126	168.466
5.137	170.396
5.148	172.326
5.159	174.255
5.17	176.185
5.181	178.114
5.192	180.044
5.203	181.974
5.214	183.903
5.225	185.89
5.236	188.047
5.247	190.203
5.258	192.359
5.269	194.516
5.28	196.672
5.291	198.828
5.302	200.985
5.313	203.141
5.324	205.298
5.335	207.492
5.346	209.902
5.357	212.312
5.368	214.722
5.379	217.132
5.39	219.541
5.401	221.951
5.412	224.361
5.423	226.771
5.434	229.181
5.445	231.605
5.456	234.298
5.467	236.991
5.478	239.684
5.489	242.377
5.5	245.07
5.511	247.763
5.522	250.456
5.533	253.149
5.544	255.842
5.555	258.535
5.566	261.528
5.577	264.538
5.588	267.547
5.599	270.557
5.61	273.566
5.621	276.575
5.632	279.585
5.643	282.594
5.654	285.604
5.665	288.613
5.676	291.923
5.687	295.286
5.698	298.649
5.709	302.012
5.72	305.376
5.731	308.739
5.742	312.102
5.753	315.465
5.764	318.828
5.775	322.191
5.786	325.85
5.797	329.608
5.808	333.367
5.819	337.125
5.83	340.883
5.841	344.642
5.852	348.4
5.863	352.158
5.874	355.917
5.885	359.675
5.896	363.719
5.907	367.919
5.918	372.119
5.929	376.319
5.94	380.519
5.951	384.719
5.962	388.919
5.973	393.12
5.984	397.32
5.995	401.52
6.006	405.989
6.017	410.683
6.028	415.376
6.039	420.07
6.05	424.764
6.061	429.457
6.072	434.151
6.083	438.844
6.094	443.538
6.105	448.232
6.116	453.171
6.127	458.416
6.138	463.661
6.149	468.906
6.16	474.152
6.171	479.397
6.182	484.642
6.193	489.887
6.204	495.133
6.215	500.378
6.226	505.835
6.237	511.696
6.248	517.558
6.259	523.42
6.27	529.281
6.281	535.143
6.292	541.005
6.303	546.866
6.314	552.728
6.325	558.59
6.336	564.618
6.347	571.169
6.358	577.719
6.369	584.27
6.38	590.82
6.391	597.371
6.402	603.921
6.413	610.472
6.424	617.022
6.435	623.573
6.446	630.232
6.457	637.553
6.468	644.873
6.479	652.193
6.49	659.514
6.501	666.834
6.512	674.154
6.523	681.474
6.534	688.795
6.545	696.115
6.556	703.47
6.567	711.651
6.578	719.831
6.589	728.012
6.6	736.193
6.611	744.373
6.622	752.554
6.633	760.734
6.644	768.915
6.655	777.096
6.666	785.276
6.677	794.36
6.688	803.502
6.699	812.644
6.71	821.786
6.721	830.928
6.732	840.07
6.743	849.212
6.754	858.354
6.765	867.496
6.776	876.638
6.787	886.68
6.798	896.897
6.809	907.113
6.82	917.329
6.831	927.546
6.842	937.762
6.853	947.978
6.864	958.195
6.875	968.411
6.886	978.627
6.897	989.729
6.908	1001.15
6.919	1012.56
6.93	1023.98
6.941	1035.4
6.952	1046.81
6.963	1058.23
6.974	1069.65
6.985	1081.06
6.996	1092.48
7.007	1104.75
7.018	1117.51
7.029	1130.27
7.04	1143.03
7.051	1155.79
7.062	1168.55
7.073	1181.3
7.084	1194.06
7.095	1206.82
7.106	1219.58
7.117	1233.14
7.128	1247.4
7.139	1261.66
7.15	1275.92
7.161	1290.17
7.172	1304.43
7.183	1318.69
7.194	1332.95
7.205	1347.21
7.216	1361.46
7.227	1376.45
7.238	1392.38
7.249	1408.32
7.26	1424.25
7.271	1440.18
7.282	1456.12
7.293	1472.05
7.304	1487.99
7.315	1503.92
7.326	1519.85
7.337	1536.41
7.348	1554.22
7.359	1572.02
7.37	1589.83
7.381	1607.63
7.392	1625.44
7.403	1643.25
7.414	1661.05
7.425	1678.86
7.436	1696.67
7.447	1714.96
7.458	1734.86
7.469	1754.76
7.48	1774.65
7.491	1794.55
7.502	1814.45
7.513	1834.35
7.524	1854.25
7.535	1874.15
7.546	1894.05
7.557	1914.25
7.568	1936.49
7.579	1958.73
7.59	1980.96
7.601	2003.2
7.612	2025.44
7.623	2047.67
7.634	2069.91
7.645	2092.15
7.656	2114.39
7.667	2136.7
7.678	2161.55
7.689	2186.4
7.7	2211.25
7.711	2236.1
7.722	2260.96
7.733	2285.81
7.744	2310.66
7.755	2335.51
7.766	2360.36
7.777	2385.21
7.788	2412.77
7.799	2440.54
7.81	2468.31
7.821	2496.08
7.832	2523.86
7.843	2551.63
7.854	2579.4
7.865	2607.17
7.876	2634.94
7.887	2662.71
7.898	2693.18
7.909	2724.22
7.92	2755.25
7.931	2786.29
7.942	2817.32
7.953	2848.36
7.964	2879.39
7.975	2910.43
7.986	2941.46
7.997	2972.49
8.008	3006.18
8.019	3040.86
8.03	3075.54
8.041	3110.23
8.052	3144.91
8.063	3179.59
8.074	3214.27
8.085	3248.95
8.096	3283.63
8.107	3318.32
8.118	3355.55
8.129	3394.31
8.14	3433.06
8.151	3471.82
8.162	3510.58
8.173	3549.34
8.184	3588.09
8.195	3626.85
8.206	3665.61
8.217	3704.37
8.228	3745.52
8.239	3788.83
8.25	3832.14
8.261	3875.45
8.272	3918.76
8.283	3962.08
8.294	4005.39
8.305	4048.7
8.316	4092.01
8.327	4135.32
8.338	4180.8
8.349	4229.2
8.36	4277.6
8.371	4326
8.382	4374.4
8.393	4422.81
8.404	4471.21
8.415	4519.61
8.426	4568.01
8.437	4616.42
8.448	4666.66
8.459	4720.75
8.47	4774.84
8.481	4828.93
8.492	4883.02
8.503	4937.11
8.514	4991.2
8.525	5045.29
8.536	5099.38
8.547	5153.47
8.558	5208.97
8.569	5269.42
8.58	5329.86
8.591	5390.31
8.602	5450.76
8.613	5511.21
8.624	5571.65
8.635	5632.1
8.646	5692.55
8.657	5752.99
8.668	5814.3
8.679	5881.85
8.69	5949.4
8.701	6016.95
8.712	6084.5
8.723	6152.05
8.734	6219.6
8.745	6287.16
8.756	6354.71
8.767	6422.26
8.778	6489.97
8.789	6565.46
8.8	6640.95
8.811	6716.43
8.822	6791.92
8.833	6867.41
8.844	6942.9
8.855	7018.39
8.866	7093.88
8.877	7169.37
8.888	7244.86
8.899	7328.5
8.91	7412.86
8.921	7497.22
8.932	7581.58
8.943	7665.94
8.954	7750.3
8.965	7834.66
8.976	7919.02
8.987	8003.39
8.998	8087.75
9.009	8180.22
9.02	8274.49
9.031	8368.77
9.042	8463.04
9.053	8557.32
9.064	8651.59
9.075	8745.86
9.086	8840.14
9.097	8934.41
9.108	9028.69
9.119	9130.91
9.13	9236.26
9.141	9341.61
9.152	9446.97
9.163	9552.32
9.174	9657.67
9.185	9763.03
9.196	9868.38
9.207	9973.74
9.218	10079.1
9.229	10192.1
9.24	10309.8
9.251	10427.5
9.262	10545.3
9.273	10663
9.284	10780.7
9.295	10898.5
9.306	11016.2
9.317	11133.9
9.328	11251.7
9.339	11376.5
9.35	11508.1
9.361	11639.7
9.372	11771.3
9.383	11902.8
9.394	12034.4
9.405	12166
9.416	12297.5
9.427	12429.1
9.438	12560.7
9.449	12698.7
9.46	12845.7
9.471	12992.7
9.482	13139.8
9.493	13286.8
9.504	13433.8
9.515	13580.8
9.526	13727.9
9.537	13874.9
9.548	14021.9
9.559	14174.4
9.57	14338.7
9.581	14503
9.592	14667.3
9.603	14831.6
9.614	14995.9
9.625	15160.3
9.636	15324.6
9.647	15488.9
9.658	15653.2
9.669	15821.6
9.68	16005.2
9.691	16188.8
9.702	16372.5
9.713	16556.1
9.724	16739.7
9.735	16923.3
9.746	17107
9.757	17290.6
9.768	17474.2
9.779	17660.2
9.79	17865.4
9.801	18070.6
9.812	18275.8
9.823	18481
9.834	18686.2
9.845	18891.4
9.856	19096.6
9.867	19301.8
9.878	19507
9.889	19712.5
9.9	19941.8
9.911	20171.1
9.922	20400.4
9.933	20629.7
9.944	20859
9.955	21088.4
9.966	21317.7
9.977	21547
9.988	21776.3
9.999	22005.6
10.01	22259.4
10.021	22515.7
10.032	22772
10.043	23028.2
10.054	23284.5
10.065	23540.8
10.076	23797
10.087	24053.3
10.098	24309.5
10.109	24565.8
10.12	24846.4
10.131	25132.8
10.142	25419.2
10.153	25705.6
10.164	25991.9
10.175	26278.3
10.186	26564.7
10.197	26851.1
10.208	27137.5
10.219	27423.8
10.23	27734
10.241	28054.1
10.252	28374.1
10.263	28694.1
10.274	29014.2
10.285	29334.2
10.296	29654.2
10.307	29974.3
10.318	30294.3
10.329	30614.3
10.34	30957.2
10.351	31314.8
10.362	31672.5
10.373	32030.1
10.384	32387.7
10.395	32745.4
10.406	33103
10.417	33460.7
10.428	33818.3
10.439	34176
10.45	34554.9
10.461	34954.5
10.472	35354.2
10.483	35753.9
10.494	36153.6
10.505	36553.2
10.516	36952.9
10.527	37352.6
10.538	37752.3
10.549	38151.9
10.56	38570.6
10.571	39017.2
10.582	39463.9
10.593	39910.5
10.604	40357.2
10.615	40803.8
10.626	41250.5
10.637	41697.1
10.648	42143.8
10.659	42590.4
10.67	43053
10.681	43552.1
10.692	44051.2
10.703	44550.4
10.714	45049.5
10.725	45548.6
10.736	46047.8
10.747	46546.9
10.758	47046
10.769	47545.2
10.78	48056.2
10.791	48613.9
10.802	49171.7
10.813	49729.5
10.824	50287.3
10.835	50845.1
10.846	51402.9
10.857	51960.7
10.868	52518.5
10.879	53076.3
10.89	53640.7
10.901	54264
10.912	54887.4
10.923	55510.7
10.934	56134.1
10.945	56757.4
10.956	57380.8
10.967	58004.1
10.978	58627.5
10.989	59250.8
11	59874.1
