       0.5   0.572365   0.572365   0.572365
      0.55   0.480031   0.480031   0.480031
       0.6   0.398234   0.398234   0.398234
      0.65   0.325552   0.325552   0.325552
       0.7   0.260867   0.260867   0.260867
      0.75   0.203281   0.203281   0.203281
       0.8    0.15206    0.15206    0.15206
      0.85   0.106595   0.106595   0.106595
       0.9  0.0663762  0.0663762  0.0663762
      0.95  0.0309688  0.0309688  0.0309688
         1 -2.56335e-16 -2.56335e-16 -1.09351e-08
      1.05 -0.0268531 -0.0268531 -0.0268531
       1.1 -0.0498724 -0.0498724 -0.0498725
      1.15 -0.0693062 -0.0693062 -0.0693062
       1.2 -0.0853741 -0.0853741 -0.0853741
      1.25 -0.0982718 -0.0982718 -0.0982718
       1.3  -0.108175  -0.108175  -0.108175
      1.35  -0.115241  -0.115241  -0.115241
       1.4  -0.119613  -0.119613  -0.119613
      1.45  -0.121421  -0.121421  -0.121421
       1.5  -0.120782  -0.120782  -0.120782
      1.55  -0.117806  -0.117806  -0.117806
       1.6  -0.112592  -0.112592  -0.112592
      1.65  -0.105231  -0.105231  -0.105231
       1.7 -0.0958077 -0.0958077 -0.0958077
      1.75 -0.0844011 -0.0844011 -0.0844011
       1.8 -0.0710839 -0.0710839 -0.0710839
      1.85 -0.0559238 -0.0559238 -0.0559238
       1.9 -0.0389843 -0.0389843 -0.0389843
      1.95 -0.0203245 -0.0203245 -0.0203245
         2 5.63262e-16 5.63262e-16 -1.09351e-08
      2.05  0.0219371  0.0219371  0.0219371
       2.1  0.0454377  0.0454377  0.0454377
      2.15  0.0704557  0.0704557  0.0704557
       2.2  0.0969475  0.0969475  0.0969475
      2.25   0.124872   0.124872   0.124872
       2.3   0.154189   0.154189   0.154189
      2.35   0.184864   0.184864   0.184864
       2.4   0.216859   0.216859   0.216859
      2.45   0.250143   0.250143   0.250143
       2.5   0.284683   0.284683   0.284683
      2.55   0.320449   0.320449   0.320449
       2.6   0.357412   0.357412   0.357412
      2.65   0.395545   0.395545   0.395545
       2.7   0.434821   0.434821   0.434821
      2.75   0.475215   0.475215   0.475215
       2.8   0.516703   0.516703   0.516703
      2.85   0.559262   0.559262   0.559262
       2.9    0.60287    0.60287    0.60287
      2.95   0.647505   0.647505   0.647505
         3   0.693147   0.693147   0.693147
      3.05   0.739777   0.739777   0.739777
       3.1   0.787375   0.787375   0.787375
      3.15   0.835924   0.835924   0.835924
       3.2   0.885405   0.885405   0.885405
      3.25   0.935802   0.935802   0.935802
       3.3   0.987099   0.987099   0.987099
      3.35    1.03928    1.03928    1.03928
       3.4    1.09233    1.09233    1.09233
      3.45    1.14623    1.14623    1.14623
       3.5    1.20097    1.20097    1.20097
      3.55    1.25654    1.25654    1.25654
       3.6    1.31292    1.31292    1.31292
      3.65     1.3701     1.3701     1.3701
       3.7    1.42807    1.42807    1.42807
      3.75    1.48682    1.48682    1.48682
       3.8    1.54632    1.54632    1.54632
      3.85    1.60658    1.60658    1.60658
       3.9    1.66758    1.66758    1.66758
      3.95    1.72931    1.72931    1.72931
         4    1.79176    1.79176    1.79176
